0.000000000,0,11.5
0.333333820,1.69935e-07,11.5
0.333333820,1.69935e-07,11.5
0.666667342,3.99924e-08,11.5
0.666667342,3.99924e-08,11.5
1.000000953,5.57274e-08,11.5
1.000000953,5.57274e-08,11.5
1.333334714,4.48921e-08,11.5
1.333334714,4.48921e-08,11.5
1.666668266,2.0805e-08,11.5
1.666668266,2.0805e-08,11.5
2.000002205,7.80223e-09,11.5
2.000002205,7.80223e-09,11.5
2.333335876,9.56033e-09,11.5
2.333335876,9.56033e-09,11.5
2.666669458,8.94743e-08,11.5
2.666669458,8.94743e-08,11.5
3.000003397,6.50982e-08,11.5
3.000003397,6.50982e-08,11.5
3.333337456,6.56872e-08,11.5
3.333337456,6.56872e-08,11.5
3.666671276,3.2156e-08,11.5
3.666671276,3.2156e-08,11.5
4.000005215,9.29846e-08,11.5
4.000005215,9.29846e-08,11.5
4.333339125,9.31566e-09,11.5
4.333339125,9.31566e-09,11.5
4.666672885,2.62173e-08,11.5
4.666672885,2.62173e-08,11.5
5.000006646,9.75255e-09,11.5
5.000006646,9.75255e-09,11.5
5.333340674,0.434423,11.5
5.333340674,0.434423,11.5
5.666674405,1.7157,11.5
5.666674405,1.7157,11.5
6.000008285,2.33452,11.5
6.000008285,2.33452,11.5
6.333341747,2.73792,11.5
6.333341747,2.73792,11.5
6.666675359,3.10314,11.5
6.666675359,3.10314,11.5
7.000008940,3.49881,11.5
7.000008940,3.49881,11.5
7.333342939,3.92047,11.5
7.333342939,3.92047,11.5
7.666676610,4.33281,11.5
7.666676610,4.33281,11.5
8.000010550,4.74031,11.5
8.000010550,4.74031,11.5
8.333344400,5.14804,11.5
8.333344400,5.14804,11.5
8.666678190,5.28296,11.5
8.666678190,5.28296,11.5
9.000012189,5.49236,11.5
9.000012189,5.49236,11.5
9.333346098,5.83388,11.5
9.333346098,5.83388,11.5
9.666680067,6.24316,11.5
9.666680067,6.24316,11.5
10.000014007,6.6838,11.5
10.000014007,6.6838,11.5
10.333347737,7.13787,11.5
10.333347737,7.13787,11.5
10.666681260,7.59704,11.5
10.666681260,7.59704,11.5
11.000015109,8.0571,11.5
11.000015109,8.0571,11.5
11.333348751,8.51606,11.5
11.333348751,8.51606,11.5
11.666682481,8.97357,11.5
11.666682481,8.97357,11.5
12.000016480,9.42966,11.5
12.000016480,9.42966,11.5
12.333350479,9.88474,11.5
12.333350479,9.88474,11.5
12.666701257,10.3403,11.5
12.666701257,10.3403,11.5
13.000035077,10.8002,11.5
13.000035077,10.8002,11.5
13.333368778,11.2222,11.5
13.333368778,11.2222,11.5
13.666702687,11.5534,11.5
13.666702687,11.5534,11.5
14.000036388,11.7907,11.5
14.000036388,11.7907,11.5
14.333369940,11.9386,11.5
14.333369940,11.9386,11.5
14.666703730,12.0041,11.5
14.666703730,12.0041,11.5
15.000037670,12.0011,11.5
15.000037670,12.0011,11.5
15.333371758,11.9476,11.5
15.333371758,11.9476,11.5
15.666705787,11.8617,11.5
15.666705787,11.8617,11.5
16.000039339,11.7596,11.5
16.000039339,11.7596,11.5
16.333373278,11.655,11.5
16.333373278,11.655,11.5
16.666707277,11.5583,11.5
16.666707277,11.5583,11.5
17.000041157,11.476,11.5
17.000041157,11.476,11.5
17.333375245,11.4123,11.5
17.333375245,11.4123,11.5
17.666709304,11.3688,11.5
17.666709304,11.3688,11.5
18.000042826,11.345,11.5
18.000042826,11.345,11.5
18.333376318,11.3388,11.5
18.333376318,11.3388,11.5
18.666709870,11.3467,11.5
18.666709870,11.3467,11.5
19.000043898,11.3647,11.5
19.000043898,11.3647,11.5
19.333377897,11.3889,11.5
19.333377897,11.3889,11.5
19.666711896,11.4155,11.5
19.666711896,11.4155,11.5
20.000045448,11.4414,11.5
20.000045448,11.4414,11.5
20.333378970,11.4643,11.5
20.333378970,11.4643,11.5
20.666712910,11.4826,11.5
20.666712910,11.4826,11.5
21.000046938,11.4957,11.5
21.000046938,11.4957,11.5
21.333380788,11.5033,11.5
21.333380788,11.5033,11.5
21.666714519,11.5061,11.5
21.666714519,11.5061,11.5
22.000048518,11.5048,11.5
22.000048518,11.5048,11.5
22.333382100,11.5005,11.5
22.333382100,11.5005,11.5
22.666716128,11.4943,11.5
22.666716128,11.4943,11.5
23.000049829,11.4873,11.5
23.000049829,11.4873,11.5
23.333383798,11.4803,11.5
23.333383798,11.4803,11.5
23.666717440,11.4739,11.5
23.666717440,11.4739,11.5
24.000051200,11.4688,11.5
24.000051200,11.4688,11.5
24.333385080,11.465,11.5
24.333385080,11.465,11.5
24.666718661,11.4626,11.5
24.666718661,11.4626,11.5
25.000052184,11.4616,11.5
25.000052184,11.4616,11.5
25.333385944,11.4618,11.5
25.333385944,11.4618,11.5
25.666719645,11.4628,11.5
25.666719645,11.4628,11.5
26.000053674,11.4644,11.5
26.000053674,11.4644,11.5
26.333387375,11.4662,11.5
26.333387375,11.4662,11.5
26.666721224,11.4681,11.5
26.666721224,11.4681,11.5
27.000054776,11.4699,11.5
27.000054776,11.4699,11.5
27.333388596,11.4713,11.5
27.333388596,11.4713,11.5
27.666722387,11.4724,11.5
27.666722387,11.4724,11.5
28.000056326,11.4731,11.5
28.000056326,11.4731,11.5
28.333389848,11.4735,11.5
28.333389848,11.4735,11.5
28.666723430,11.4735,11.5
28.666723430,11.4735,11.5
29.000057459,11.4733,11.5
29.000057459,11.4733,11.5
29.333391159,11.4729,11.5
29.333391159,11.4729,11.5
29.666724741,11.4724,11.5
29.666724741,11.4724,11.5
30.000058502,11.4719,11.5
30.000058502,11.4719,11.5
30.333392471,11.4714,11.5
30.333392471,11.4714,11.5
30.666726142,11.471,11.5
30.666726142,11.471,11.5
31.000059962,11.4706,11.5
31.000059962,11.4706,11.5
31.333393931,11.4704,11.5
31.333393931,11.4704,11.5
31.666727543,11.4703,11.5
31.666727543,11.4703,11.5
32.000061094,11.4703,11.5
32.000061094,11.4703,11.5
32.333394646,11.4704,11.5
32.333394646,11.4704,11.5
32.666728615,11.4705,11.5
32.666728615,11.4705,11.5
33.000062406,11.4706,11.5
33.000062406,11.4706,11.5
33.333396315,11.4707,11.5
33.333396315,11.4707,11.5
33.666730106,11.4709,11.5
33.666730106,11.4709,11.5
34.000063926,11.471,11.5
34.000063926,11.471,11.5
34.333397627,11.4711,11.5
34.333397627,11.4711,11.5
34.666731655,11.4711,11.5
34.666731655,11.4711,11.5
35.000065505,11.4712,11.5
35.000065505,11.4712,11.5
35.333399027,11.4712,11.5
35.333399027,11.4712,11.5
35.666732907,11.4712,11.5
35.666732907,11.4712,11.5
36.000066399,11.4711,11.5
36.000066399,11.4711,11.5
36.333400041,11.4711,11.5
36.333400041,11.4711,11.5
36.666733980,11.4711,11.5
36.666733980,11.4711,11.5
37.000067621,11.471,11.5
37.000067621,11.471,11.5
37.333401471,11.471,11.5
37.333401471,11.471,11.5
37.666735530,11.471,11.5
37.666735530,11.471,11.5
38.000069290,11.4709,11.5
38.000069290,11.4709,11.5
38.333403170,11.4709,11.5
38.333403170,11.4709,11.5
38.666736841,11.4709,11.5
38.666736841,11.4709,11.5
39.000071138,11.4709,11.5
39.000071138,11.4709,11.5
39.333404928,11.4709,11.5
39.333404928,11.4709,11.5
39.666738748,11.471,11.5
39.666738748,11.471,11.5
40.000072688,11.471,11.5
40.000072688,11.471,11.5
40.333406508,11.471,11.5
40.333406508,11.471,11.5
40.666739970,11.471,11.5
40.666739970,11.471,11.5
41.000073939,11.471,11.5
41.000073939,11.471,11.5
41.333407610,11.471,11.5
41.333407610,11.471,11.5
41.666741252,11.471,11.5
41.666741252,11.471,11.5
42.000074923,11.471,11.5
42.000074923,11.471,11.5
42.333408445,11.471,11.5
42.333408445,11.471,11.5
42.666741967,11.471,11.5
42.666741967,11.471,11.5
43.000075757,11.471,11.5
43.000075757,11.471,11.5
43.333409339,11.471,11.5
43.333409339,11.471,11.5
43.666743129,11.471,11.5
43.666743129,11.471,11.5
44.000077128,11.471,11.5
44.000077128,11.471,11.5
44.333410769,11.471,11.5
44.333410769,11.471,11.5
44.666744887,11.471,11.5
44.666744887,11.471,11.5
45.000078886,11.471,11.5
45.000078886,11.471,11.5
45.333412856,11.471,11.5
45.333412856,11.471,11.5
45.666746527,11.471,11.5
45.666746527,11.471,11.5
46.000080078,11.471,11.5
46.000080078,11.471,11.5
46.333413601,11.471,11.5
46.333413601,11.471,11.5
46.666747272,11.471,11.5
46.666747272,11.471,11.5
47.000081300,11.471,11.5
47.000081300,11.471,11.5
47.333414971,11.471,11.5
47.333414971,11.471,11.5
47.666748851,11.471,11.5
47.666748851,11.471,11.5
48.000082701,11.471,11.5
48.000082701,11.471,11.5
48.333416253,11.471,11.5
48.333416253,11.471,11.5
48.666749864,11.471,11.5
48.666749864,11.471,11.5
49.000083834,11.471,11.5
49.000083834,11.471,11.5
49.333417445,11.471,11.5
49.333417445,11.471,11.5
49.666751086,11.471,11.5
49.666751086,11.471,11.5
50.000084549,11.471,11.5
50.000084549,11.471,11.5
50.333418250,11.471,11.5
50.333418250,11.471,11.5
50.666752278,11.471,11.5
50.666752278,11.471,11.5
51.000086128,11.471,11.5
51.000086128,11.471,11.5
51.333422303,11.471,11.5
51.333422303,11.471,11.5
51.666756302,11.471,11.5
51.666756302,11.471,11.5
52.000090330,11.471,11.5
52.000090330,11.471,11.5
52.333424061,11.471,11.5
52.333424061,11.471,11.5
52.666758120,11.471,11.5
52.666758120,11.471,11.5
53.000091701,11.471,11.5
53.000091701,11.471,11.5
53.333425730,11.471,11.5
53.333425730,11.471,11.5
53.666759431,11.471,11.5
53.666759431,11.471,11.5
54.000093311,11.471,11.5
54.000093311,11.471,11.5
54.333427310,11.471,11.5
54.333427310,11.471,11.5
54.666761100,11.471,11.5
54.666761100,11.471,11.5
55.000095188,11.471,11.5
55.000095188,11.471,11.5
55.333428830,11.471,11.5
55.333428830,11.471,11.5
55.666762411,11.471,11.5
55.666762411,11.471,11.5
56.000096023,11.471,11.5
56.000096023,11.471,11.5
56.333429545,11.471,11.5
56.333429545,11.471,11.5
56.666763484,11.471,11.5
56.666763484,11.471,11.5
57.000097185,11.471,11.5
57.000097185,11.471,11.5
57.333430975,11.471,11.5
57.333430975,11.471,11.5
57.666764825,11.471,11.5
57.666764825,11.471,11.5
58.000098616,11.471,11.5
58.000098616,11.471,11.5
58.333432406,11.471,11.5
58.333432406,11.471,11.5
58.666766464,11.471,11.5
58.666766464,11.471,11.5
59.000100612,11.471,11.5
59.000100612,11.471,11.5
59.333434283,11.471,11.5
59.333434283,11.471,11.5
59.666767925,11.471,11.5
59.666767925,11.471,11.5
60.000101566,11.471,11.5
60.000101566,11.471,11.5
60.333435177,11.471,11.5
60.333435177,11.471,11.5
60.666768908,11.471,11.5
60.666768908,11.471,11.5
61.000102609,11.471,11.5
61.000102609,11.471,11.5
61.333436817,11.471,11.5
61.333436817,11.471,11.5
61.666770577,11.471,11.5
61.666770577,11.471,11.5
62.000104576,11.471,11.5
62.000104576,11.471,11.5
62.333438635,11.471,11.5
62.333438635,11.471,11.5
62.666773051,11.471,11.5
62.666773051,11.471,11.5
63.000106722,11.471,11.5
63.000106722,11.471,11.5
63.333440482,11.471,11.5
63.333440482,11.471,11.5
63.666774481,11.471,11.5
63.666774481,11.471,11.5
64.000108063,11.471,11.5
64.000108063,11.471,11.5
64.333441674,11.471,11.5
64.333441674,11.471,11.5
64.666775733,11.471,11.5
64.666775733,11.471,11.5
65.000109404,11.471,11.5
65.000109404,11.471,11.5
65.333443045,11.471,11.5
65.333443045,11.471,11.5
65.666776687,11.471,11.5
65.666776687,11.471,11.5
66.000110238,11.471,11.5
66.000110238,11.471,11.5
66.333443999,11.471,11.5
66.333443999,11.471,11.5
66.666777968,11.471,11.5
66.666777968,11.471,11.5
67.000111878,11.471,11.5
67.000111878,11.471,11.5
67.333445549,11.471,11.5
67.333445549,11.471,11.5
67.666779220,11.471,11.5
67.666779220,11.471,11.5
68.000113189,11.471,11.5
68.000113189,11.471,11.5
68.333446830,11.471,11.5
68.333446830,11.471,11.5
68.666780471,11.471,11.5
68.666780471,11.471,11.5
69.000120014,11.471,11.5
69.000120014,11.471,11.5
69.333453774,11.471,11.5
69.333453774,11.471,11.5
69.666787803,11.471,11.5
69.666787803,11.471,11.5
70.000121444,11.471,11.5
70.000121444,11.471,11.5
70.333455145,11.471,11.5
70.333455145,11.471,11.5
70.666789144,11.471,11.5
70.666789144,11.471,11.5
71.000123232,11.471,11.5
71.000123232,11.471,11.5
71.333456725,11.471,11.5
71.333456725,11.471,11.5
71.666790634,11.471,11.5
71.666790634,11.471,11.5
72.000124395,11.471,11.5
72.000124395,11.471,11.5
72.333458125,11.471,11.5
72.333458125,11.471,11.5
72.666792035,11.471,11.5
72.666792035,11.471,11.5
73.000125914,11.471,11.5
73.000125914,11.471,11.5
73.333459794,11.471,11.5
73.333459794,11.471,11.5
73.666793286,11.471,11.5
73.666793286,11.471,11.5
74.000127285,11.471,11.5
74.000127285,11.471,11.5
74.333461284,11.471,11.5
74.333461284,11.471,11.5
74.666794866,11.471,11.5
74.666794866,11.471,11.5
75.000128656,11.471,11.5
75.000128656,11.471,11.5
75.333462476,11.471,11.5
75.333462476,11.471,11.5
75.666796356,11.471,11.5
75.666796356,11.471,11.5
76.000130146,11.471,11.5
76.000130146,11.471,11.5
76.333464026,11.471,11.5
76.333464026,11.471,11.5
76.666798144,11.471,11.5
76.666798144,11.471,11.5
77.000131786,11.471,11.5
77.000131786,11.471,11.5
77.333465278,11.471,11.5
77.333465278,11.471,11.5
77.666798830,11.471,11.5
77.666798830,11.471,11.5
78.000132769,11.471,11.5
78.000132769,11.471,11.5
78.333466738,11.471,11.5
78.333466738,11.471,11.5
78.666800528,11.471,11.5
78.666800528,11.471,11.5
79.000134021,11.471,11.5
79.000134021,11.471,11.5
79.333467722,11.471,11.5
79.333467722,11.471,11.5
79.666801363,11.471,11.5
79.666801363,11.471,11.5
80.000135958,11.471,11.5
80.000135958,11.471,11.5
80.333469748,11.471,11.5
80.333469748,11.471,11.5
80.666803300,11.471,11.5
80.666803300,11.471,11.5
81.000137031,11.471,11.5
81.000137031,11.471,11.5
81.333470702,11.471,11.5
81.333470702,11.471,11.5
81.666804731,11.471,11.5
81.666804731,11.471,11.5
82.000138282,11.471,11.5
82.000138282,11.471,11.5
82.333471924,11.471,11.5
82.333471924,11.471,11.5
82.666805952,11.471,11.5
82.666805952,11.471,11.5
83.000139713,11.471,11.5
83.000139713,11.471,11.5
83.333473801,11.471,11.5
83.333473801,11.471,11.5
83.666807592,11.471,11.5
83.666807592,11.471,11.5
84.000141650,11.471,11.5
84.000141650,11.471,11.5
84.333475738,11.471,11.5
84.333475738,11.471,11.5
84.666809231,11.471,11.5
84.666809231,11.471,11.5
85.000142812,11.471,11.5
85.000142812,11.471,11.5
85.333476841,11.471,11.5
85.333476841,11.471,11.5
85.666810453,11.471,11.5
85.666810453,11.471,11.5
86.000144034,11.471,11.5
86.000144034,11.471,11.5
86.333478033,11.471,11.5
86.333478033,11.471,11.5
86.666811913,11.471,11.5
86.666811913,11.471,11.5
87.000145495,11.471,11.5
87.000145495,11.471,11.5
87.333479106,11.471,11.5
87.333479106,11.471,11.5
87.666812896,11.471,11.5
87.666812896,11.471,11.5
88.000146448,11.471,11.5
88.000146448,11.471,11.5
88.333480447,11.471,11.5
88.333480447,11.471,11.5
88.666814237,11.471,11.5
88.666814237,11.471,11.5
89.000148296,11.471,11.5
89.000148296,11.471,11.5
89.333482027,11.471,11.5
89.333482027,11.471,11.5
89.666815817,11.471,11.5
89.666815817,11.471,11.5
90.000149518,11.471,11.5
90.000149518,11.471,11.5
90.333483070,11.471,11.5
90.333483070,11.471,11.5
90.666816741,11.471,11.5
90.666816741,11.471,11.5
91.000150501,11.471,11.5
91.000150501,11.471,11.5
91.333483994,11.471,11.5
91.333483994,11.471,11.5
91.666817724,11.471,11.5
91.666817724,11.471,11.5
92.000151723,11.471,11.5
92.000151723,11.471,11.5
92.333485394,11.471,11.5
92.333485394,11.471,11.5
92.666819453,11.471,11.5
92.666819453,11.471,11.5
93.000153511,11.471,11.5
93.000153511,11.471,11.5
93.333487332,11.471,11.5
93.333487332,11.471,11.5
93.666821152,11.471,11.5
93.666821152,11.471,11.5
94.000155329,11.471,11.5
94.000155329,11.471,11.5
94.333488881,11.471,11.5
94.333488881,11.471,11.5
94.666822761,11.471,11.5
94.666822761,11.471,11.5
95.000156849,11.471,11.5
95.000156849,11.471,11.5
95.333490342,11.471,11.5
95.333490342,11.471,11.5
95.666823893,11.471,11.5
95.666823893,11.471,11.5
96.000157892,11.471,11.5
96.000157892,11.471,11.5
96.333491534,11.471,11.5
96.333491534,11.471,11.5
96.666825086,11.471,11.5
96.666825086,11.471,11.5
97.000158727,11.471,11.5
97.000158727,11.471,11.5
97.333492458,11.471,11.5
97.333492458,11.471,11.5
97.666826456,11.471,11.5
97.666826456,11.471,11.5
98.000160306,11.471,11.5
98.000160306,11.471,11.5
98.333494216,11.471,11.5
98.333494216,11.471,11.5
98.666828274,11.471,11.5
98.666828274,11.471,11.5
99.000162154,11.471,11.5
99.000162154,11.471,11.5
99.333495646,11.471,11.5
99.333495646,11.471,11.5
99.666829884,11.471,11.5
99.666829884,11.471,11.5
100.000163883,11.471,11.5
100.000163883,11.471,11.5
100.333497643,11.471,11.5
100.333497643,11.471,11.5
100.666831255,11.471,11.5
100.666831255,11.471,11.5
101.000164926,11.471,11.5
101.000164926,11.471,11.5
101.333498507,11.471,11.5
101.333498507,11.471,11.5
101.666832387,11.471,11.5
101.666832387,11.471,11.5
